054_0052.jpg:(22,117); (238,118)
047_0088.jpg:(52,70); (120,135)
022_0027.jpg:(141,24); (139,183)
018_0031.jpg:(156,169); (159,198)
032_0055.jpg:(117,8); (180,223)
012_0008.jpg:
:
054_0051.jpg:(153,67); (148,153)
022_0033.jpg:(154,20); (150,204)
012_0001.jpg:(148,27); (148,93)
026_0007.jpg:(167,8); (166,145)
032_0071.jpg:(192,37); (200,192)
036_0008.jpg:(151,72); (158,199)
040_0057.jpg:(148,45); (154,213)
017_0014.jpg:(165,22); (141,190)
012_0001.jpg:(145,25); (146,98)
017_0028.jpg:(243,6); (241,212)
013_0057.jpg:(144,12); (145,204)
018_0012.jpg:(160,41); (160,163)
032_0048.jpg:(122,35); (157,196)
018_0090.jpg:(116,7); (127,149)
032_0026.jpg:(85,73); (83,206)
032_0044.jpg:(209,41); (213,193)
013_0057.jpg:(142,9); (145,200)
024_0087.jpg:(99,156); (259,139)
046_0084.jpg:(177,6); (201,206)
036_0070.jpg:(147,12); (153,178)
017_0088.jpg:(134,11); (126,224)
051_0005.jpg:(149,2); (149,238)
101_0063.jpg:(162,14); (198,178)
040_0066.jpg:(21,92); (231,130)
101_0082.jpg:(147,192); (149,45)
012_0054.jpg:
036_0003.jpg:(159,4); (165,195)
038_0018.jpg:(139,3); (127,86)
022_0048.jpg:(304,37); (306,242)
036_0020.jpg:(369,42); (370,124)
036_0020.jpg:(371,37); (370,236)
012_0073.jpg:(170,104); (170,104)
017_0087.jpg:(151,9); (155,228)
052_0051.jpg:(147,129); (146,183)
036_0020.jpg:(374,242); (373,240)
040_0069.jpg:(152,84); (143,206)
032_0063.jpg:(156,7); (153,210)
013_0063.jpg:(31,127); (274,162)
007_0063.jpg:(166,11); (159,194)
012_0040.jpg:(279,32); (24,194)
036_0062.jpg:(147,10); (150,223)
040_0002.jpg:(162,14); (161,221)
026_0032.jpg:(114,37); (251,212)
003_0088.jpg:(177,43); (166,74)
047_0081.jpg:(42,38); (260,203)
040_0032.jpg:(158,45); (156,192)
052_0040.jpg:(156,75); (152,168)
056_0002.jpg:(173,31); (141,155)
038_0034.jpg:(206,62); (166,170)
038_0041.jpg:(86,117); (62,30)
051_0062.jpg:(158,98); (156,19)
018_0079.jpg:(147,9); (154,209)
056_0021.jpg:(115,199); (157,24)
003_0033.jpg:(155,5); (106,195)
040_0088.jpg:(92,126); (244,152)
040_0057.jpg:(152,46); (158,211)
024_0006.jpg:(148,68); (128,174)
101_0008.jpg:(179,192); (115,16)
003_0047.jpg:(174.5,21); (156.5,189)
007_0064.jpg:(149,57); (172,200)
007_0064.jpg:(165,179); (157,48)
040_0051.jpg:(155,92); (157,212)
026_0012.jpg:(152,11); (140,223)
061_0023.jpg:(15,85); (283,145)
036_0010.jpg:(142,5); (135,188)
003_0022.jpg:(138,25); (159,214)
032_0030.jpg:(142,2); (163,223)
032_0074.jpg:(144,75); (148,146)
024_0053.jpg:(146,87); (154,171)
032_0083.jpg:(230,39); (198,163)
032_0054.jpg:(153,3); (138,209)
018_0011.jpg:(148,49); (141,187)
061_0055.jpg:(153,57); (152,173)
061_0019.jpg:(155,95); (154,147)
061_0055.jpg:(151,23); (150,179)
003_0012.jpg:(135,4); (131,225)
061_0055.jpg:(151,181); (151,57)
054_0086.jpg:(129,39); (147,120)
022_0039.jpg:(144,18); (147,221)
052_0045.jpg:(148,66); (151,173)
051_0024.jpg:(71,207); (158,19)
046_0006.jpg:(159,6); (161,228)
051_0024.jpg:(34,186); (235,91)
007_0040.jpg:(134,80); (162,131)
051_0024.jpg:(69,205); (135,42)
051_0069.jpg:(68,54); (66,26)
017_0018.jpg:(55,19); (36,38)
024_0029.jpg:(57,102); (64,93)
017_0018.jpg:
022_0016.jpg:(171,15); (127,6)
017_0018.jpg:(10,145); (24,169)
036_0002.jpg:(154,27); (152,227)
017_0018.jpg:
032_0001.jpg:(148,17); (169,200)
017_0018.jpg:
003_0013.jpg:(148,217); (148,217)
017_0018.jpg:(152,15); (150,214)
012_0064.jpg:(151,65); (153,150)
017_0018.jpg:(148,10); (152,218)
036_0033.jpg:(146,11); (141,202)
017_0018.jpg:(143,16); (150,215)
026_0007.jpg:(174,150); (179,9)
018_0042.jpg:(178,3); (142,228)
018_0070.jpg:(151,2); (151,217)
017_0008.jpg:(154,47); (153,191)
061_0064.jpg:(150,79); (162,150)
013_0057.jpg:(146,11); (146,200)
067_0043.jpg:(182,26); (207,198)
032_0061.jpg:(152,21); (155,211)
047_0061.jpg:(204,53); (123,151)
054_0024.jpg:(192,55); (106,167)
022_0037.jpg:(159,20); (133,229)
054_0024.jpg:(196,54); (107,166)
032_0055.jpg:(119,6); (180,223)
036_0078.jpg:(155,30); (148,191)
022_0043.jpg:(147,228); (146,18)
054_0024.jpg:(189,52); (105,164)
032_0062.jpg:(145,23); (146,213)
054_0024.jpg:(195,57); (104,161)
040_0079.jpg:(143,44); (148,185)
024_0011.jpg:(167,64); (161,172)
024_0053.jpg:(150,90); (156,173)
024_0011.jpg:(168,64); (160,170)
052_0020.jpg:(132,125); (148,38)
026_0030.jpg:(146,220); (138,8)
051_0003.jpg:(155,201); (154,12)
012_0003.jpg:(112,204); (196,33)
056_0043.jpg:
012_0003.jpg:(114,206); (201,21)
018_0006.jpg:(163,11); (147,218)
052_0085.jpg:(164,32); (154,159)
036_0077.jpg:(153,219); (154,2)
032_0008.jpg:(178,33); (185,216)
101_0060.jpg:
046_0027.jpg:(150,211); (148,18)
012_0054.jpg:(97,49); (171,96)
018_0010.jpg:(228,8); (236,221)
018_0089.jpg:(242,225); (241,42)
018_0010.jpg:(229,8); (234,219)
040_0067.jpg:(140,2); (141,247)
022_0061.jpg:(157,7); (143,224)
013_0026.jpg:(159,77); (160,165)
018_0042.jpg:(179,3); (137,229)
061_0069.jpg:(195,32); (185,219)
022_0072.jpg:(134,29); (138,217)
046_0026.jpg:(159,9); (162,217)
051_0037.jpg:(149,0); (149,222)
040_0036.jpg:(11,40); (276,169)
051_0037.jpg:(144,1); (150,232)
026_0036.jpg:(150,6); (151,228)
036_0070.jpg:(149,10); (153,182)
032_0069.jpg:(148,20); (151,194)
032_0008.jpg:(177,29); (187,224)
056_0047.jpg:(138,1); (133,183)
052_0058.jpg:(163,20); (143,190)
046_0079.jpg:(151,10); (149,221)
052_0058.jpg:(159,18); (139,191)
013_0055.jpg:
012_0019.jpg:
012_0016.jpg:
012_0019.jpg:
022_0069.jpg:
012_0019.jpg:
018_0078.jpg:(132,2); (156,218)
017_0086.jpg:(149,2); (148,231)
024_0017.jpg:(154,90); (113,177)
040_0061.jpg:(114,89); (192,110)
046_0085.jpg:(151,20); (154,212)
012_0019.jpg:(116,22); (228,210)
017_0044.jpg:(148,2); (153,229)
054_0064.jpg:(152,0); (154,214)
101_0058.jpg:(104,4); (215,198)
054_0064.jpg:(145,4); (153,218)
017_0062.jpg:(146,43); (139,217)
012_0087.jpg:(129,125); (201,29)
054_0050.jpg:(156,24); (171,198)
012_0065.jpg:(170,116); (215,31)
054_0078.jpg:(195,114); (144,43)
018_0085.jpg:(151,4); (155,228)
067_0061.jpg:(166,48); (174,163)
054_0064.jpg:(148,4); (152,217)
052_0068.jpg:(147,40); (150,144)
052_0017.jpg:(150,50); (119,199)
017_0018.jpg:(152,10); (154,226)
052_0017.jpg:(148,51); (123,195)
052_0002.jpg:(145,77); (168,119)
013_0027.jpg:(151,33); (156,212)
024_0078.jpg:(158,72); (154,193)
013_0065.jpg:(74,33); (187,170)
052_0031.jpg:(147,11); (145,209)
032_0018.jpg:(149,8); (152,223)
017_0080.jpg:(155,14); (154,208)
032_0018.jpg:(151,8); (152,224)
013_0059.jpg:(151,82); (151,223)
032_0018.jpg:(151,9); (151,220)
040_0058.jpg:(158,52); (148,150)
032_0018.jpg:(152,10); (152,227)
067_0045.jpg:(191,20); (180,204)
052_0051.jpg:(138,30); (151,187)
067_0077.jpg:(151,62); (148,141)
052_0051.jpg:(143,30); (154,188)
054_0071.jpg:(161,13); (151,129)
101_0070.jpg:(151,7); (156,220)
056_0073.jpg:(102,100); (98,149)
101_0070.jpg:(151,5); (155,221)
024_0042.jpg:(191,99); (118,178)
022_0039.jpg:(148,17); (148,228)
012_0047.jpg:(159,81); (218,42)
101_0070.jpg:(161,114); (158,223)
022_0012.jpg:(156,5); (152,219)
101_0070.jpg:(154,6); (156,222)
036_0045.jpg:(137,8); (157,197)
032_0018.jpg:(141,7); (148,225)
022_0079.jpg:(145,13); (149,212)
032_0018.jpg:(137,8); (154,215)
047_0027.jpg:(156,53); (134,150)
052_0070.jpg:(149,4); (152,222)
013_0068.jpg:(146,2); (161,232)
012_0003.jpg:(206,8); (109,206)
022_0007.jpg:(154,11); (154,218)
012_0065.jpg:(228,21); (118,190)
003_0006.jpg:(155,3); (150,220)
013_0027.jpg:(153,27); (154,214)
012_0055.jpg:(197,177); (67,31)
052_0058.jpg:(159,16); (143,222)
013_0055.jpg:(152,78); (170,222)
052_0058.jpg:(158,21); (146,191)
003_0017.jpg:(163,218); (155,1)
040_0088.jpg:(89,131); (249,160)
018_0018.jpg:(99,29); (231,229)
040_0012.jpg:(121,113); (230,187)
061_0055.jpg:(158,178); (155,20)
022_0033.jpg:(151,206); (152,21)
032_0083.jpg:
022_0033.jpg:(156,208); (151,19)
038_0023.jpg:
013_0042.jpg:(138,217); (137,27)
067_0044.jpg:
013_0042.jpg:(137,219); (136,27)
012_0016.jpg:(86,32); (134,85)
022_0016.jpg:(151,228); (152,5)
012_0053.jpg:(154,9); (153,223)
012_0087.jpg:(129,83); (198,33)
022_0088.jpg:(172,5); (164,218)
022_0061.jpg:(151,228); (158,14)
051_0036.jpg:(149,22); (150,210)
054_0024.jpg:(107,163); (192,58)
067_0062.jpg:(200,94); (201,145)
054_0024.jpg:(110,167); (190,56)
013_0044.jpg:
054_0024.jpg:(155,96); (195,57)
038_0027.jpg:
054_0024.jpg:(192,54); (148,110)
054_0041.jpg:(129,32); (174,214)
054_0024.jpg:(151,108); (190,54)
052_0023.jpg:
026_0004.jpg:(155,18); (154,216)
012_0003.jpg:(113,204); (196,37)
239_0078.jpg:(137,41); (136,197)
054_0032.jpg:(148,5); (149,200)
131_0077.jpg:(152,226); (151,2)
017_0002.jpg:(7,93); (293,92)
032_0001.jpg:(168,200); (138,13)
101_0075.jpg:(148,5); (140,201)
013_0080.jpg:(136,201); (144,8)
012_0045.jpg:(16,130); (101,149)
022_0045.jpg:(146,217); (151,6)
003_0007.jpg:(30,119); (286,124)
051_0070.jpg:(145,6); (154,219)
051_0021.jpg:(135,10); (148,221)
061_0057.jpg:(7,127); (297,86)
047_0053.jpg:(205,43); (44,192)
032_0018.jpg:(140,5); (151,232)
036_0028.jpg:(159,86); (93,148)
032_0055.jpg:(70,128); (244,194)
012_0030.jpg:(17,15); (155,122)
040_0032.jpg:(156,6); (158,209)
047_0075.jpg:(220,40); (58,175)
040_0032.jpg:(155,23); (160,211)
018_0006.jpg:(159,6); (155,221)
040_0032.jpg:(149,22); (156,214)
067_0015.jpg:0
012_0003.jpg:2
047_0056.jpg:(9,174); (229,40)
046_0084.jpg:(181,9); (202,172)
101_0060.jpg:(84,4); (111,200)
046_0084.jpg:(171,5); (199,176)
040_0031.jpg:(26,34); (258,151)
036_0013.jpg:(138,13); (156,202)
067_0006.jpg:(149,210); (149,9)
022_0061.jpg:(156,3); (141,213)
018_0078.jpg:(128,6); (154,218)
047_0026.jpg:(146,8); (151,225)
013_0085.jpg:(158,5); (159,227)
062_0029.jpg:(166,17); (153,210)
003_0003.jpg:(39,6); (242,174)
013_0080.jpg:(146,20); (141,197)
052_0076.jpg:(167,11); (168,223)
101_0013.jpg:(62,238); (127,23)
022_0020.jpg:(173,24); (181,194)
017_0015.jpg:(193,5); (113,202)
054_0048.jpg:(147,5); (149,207)
017_0086.jpg:(145,5); (160,226)
003_0080.jpg:(149,6); (158,228)
054_0046.jpg:(143,6); (158,231)
047_0069.jpg:(292,19); (127,194)
012_0079.jpg:(38,10); (244,120)
054_0031.jpg:(61,2); (208,152)
012_0079.jpg:(33,16); (289,184)
036_0063.jpg:(150,23); (155,206)
012_0079.jpg:(239,131); (21,8)
052_0024.jpg:(253,18); (49,213)
032_0016.jpg:(159,9); (153,233)
013_0074.jpg:(147,5); (147,239)
024_0029.jpg:(84,6); (150,218)
061_0064.jpg:(136,14); (163,236)
024_0029.jpg:(158,15); (152,221)
003_0058.jpg:(136,9); (133,241)
024_0029.jpg:(39,7); (205,226)
061_0043.jpg:(181,6); (117,242)
024_0029.jpg:(12,10); (266,223)
003_0077.jpg:(168,7); (40,240)
024_0029.jpg:(50,3); (191,219)
038_0068.jpg:(13,20); (277,216)
051_0007.jpg:(27,16); (293,208)
024_0058.jpg:(130,11); (181,220)
051_0007.jpg:(12,27); (291,185)
047_0037.jpg:(276,18); (39,218)
013_0073.jpg:(158,3); (150,213)
056_0071.jpg:(133,5); (172,223)
018_0085.jpg:(152,8); (149,242)
032_0032.jpg:(150,11); (166,225)
177_0013.jpg:(139,6); (152,215)
012_0068.jpg:(281,24); (19,205)
177_0013.jpg:(142,9); (148,219)
047_0036.jpg:(18,11); (254,217)
177_0013.jpg:(142,9); (150,225)
003_0052.jpg:(135,11); (184,237)
017_0086.jpg:(152,10); (127,241)
036_0002.jpg:(151,14); (147,217)
017_0086.jpg:(133,5); (139,239)
067_0052.jpg:(166,6); (102,241)
036_0067.jpg:(153,5); (150,220)
017_0064.jpg:(203,10); (36,220)
220_0037.jpg:(199,7); (8,198)
007_0017.jpg:(270,108); (89,115)
032_0029.jpg:
047_0080.jpg:(234,202); (234,202)
032_0029.jpg:(151,86); (154,20)
003_0015.jpg:(163,40); (141,225)
032_0029.jpg:(157,21); (149,199)
032_0006.jpg:(156,24); (149,215)
040_0070.jpg:(212,21); (170,206)
013_0018.jpg:(145,5); (138,226)
022_0003.jpg:(152,226); (159,2)
022_0064.jpg:(152,1); (151,226)
018_0010.jpg:(150,1); (150,232)
024_0084.jpg:(143,107); (129,126)
018_0041.jpg:(255,42); (47,186)
051_0074.jpg:(86,4); (259,195)
018_0041.jpg:
067_0026.jpg:(115,111); (115,142)
018_0041.jpg:
024_0076.jpg:(7,120); (299,112)
018_0041.jpg:
003_0018.jpg:(119,17); (196,191)
018_0041.jpg:
022_0008.jpg:(160,40); (159,20)
024_0011.jpg:
054_0015.jpg:(162,34); (124,177)
024_0011.jpg:
047_0084.jpg:(150,1); (148,230)
024_0011.jpg:
032_0007.jpg:
223_0041.jpg:
040_0054.jpg:(146,154); (262,130)
024_0087.jpg:(146,154); (111,117)
022_0033.jpg:(150,11); (152,216)
024_0087.jpg:(277,136); (13,173)
038_0011.jpg:(105,29); (107,154)
024_0087.jpg:(94,153); (188,145)
022_0029.jpg:(144,16); (147,208)
013_0042.jpg:(136,28); (134,213)
036_0022.jpg:(164,10); (162,215)
013_0042.jpg:(137,25); (138,216)
040_0038.jpg:(239,18); (122,157)
024_0057.jpg:(153,60); (148,187)
101_0077.jpg:(146,10); (156,233)
024_0057.jpg:
046_0014.jpg:
024_0057.jpg:(150,31); (147,209)
018_0055.jpg:(147,7); (154,222)
205_0036.jpg:
007_0067.jpg:(170,1); (157,180)
205_0036.jpg:
101_0049.jpg:(68,3); (209,203)
205_0036.jpg:
040_0033.jpg:(139,64); (133,195)
017_0015.jpg:(183,4); (132,213)
101_0079.jpg:(157,25); (108,161)
017_0015.jpg:(186,10); (101,198)
046_0012.jpg:(153,6); (151,231)
180_0010.jpg:(250,198); (6,2)
047_0084.jpg:(183,128); (280,75)
131_0077.jpg:(146,0); (152,226)
024_0013.jpg:(112,137); (140,219)
018_0077.jpg:(222,16); (225,226)
054_0081.jpg:(207,78); (204,44)
054_0024.jpg:
003_0045.jpg:
054_0024.jpg:(117,172); (117,172)
036_0047.jpg:
054_0024.jpg:(131,141); (131,141)
026_0071.jpg:(150,21); (153,216)
054_0024.jpg:
051_0008.jpg:(281,154); 
062_0029.jpg:(282,153)
051_0008.jpg:(37,90); (36,89)
062_0029.jpg:
018_0022.jpg:(111,16); (81,197)
062_0029.jpg:
052_0071.jpg:(143,168); (141,133)
052_0046.jpg:(166,112); (157,152)
067_0015.jpg:(190,37); (202,138)
052_0046.jpg:(163,108); (161,154)
101_0047.jpg:(143,13); (206,155)
085_0022.jpg:(89,4); (104,188)
024_0082.jpg:(96,48); (243,194)
085_0022.jpg:(85,5); (95,178)
046_0034.jpg:(141,31); (160,77)
024_0011.jpg:(172,52); (160,196)
054_0010.jpg:(182,23); (133,181)
144_0050.jpg:(160,14); (194,179)
101_0018.jpg:(147,11); (147,205)
144_0050.jpg:(22,62); (158,105)
046_0079.jpg:(151,14); (147,212)
144_0050.jpg:(167,10); (152,21)
022_0013.jpg:(159,27); (151,160)
144_0050.jpg:(150,25); (181,177)
061_0090.jpg:(71,23); (51,81)
177_0031.jpg:(159,82); (134,168)
047_0056.jpg:(239,30); (28,203)
177_0031.jpg:(51,99); (237,147)
054_0011.jpg:(164,66); (155,176)
046_0023.jpg:(113,0); (231,209)
024_0003.jpg:(150,13); (143,214)
047_0026.jpg:(148,11); (151,240)
018_0065.jpg:(91,52); (96,187)
054_0005.jpg:(146,24); (146,212)
056_0044.jpg:(88,35); (77,190)
054_0005.jpg:(159,31); (147,238)
022_0058.jpg:(143,21); (140,209)
054_0005.jpg:(11,123); (268,119)
038_0079.jpg:(184,37); (182,186)
054_0005.jpg:(154,64); (150,179)
061_0048.jpg:(156,159); (156,182)
152_0012.jpg:(137,44); (135,115)
067_0042.jpg:
152_0012.jpg:(136,48); (136,108)
032_0084.jpg:
152_0012.jpg:(134,46); (139,115)
032_0011.jpg:
152_0012.jpg:(132,54); (131,108)
047_0013.jpg:(112,92); (238,164)
152_0012.jpg:(135,53); (135,109)
032_0010.jpg:(158,45); (154,220)
040_0045.jpg:(35,85); (251,145)
024_0048.jpg:(125,47); (155,203)
063_0063.jpg:(11,193); (288,144)
012_0019.jpg:(114,16); (203,127)
198_0076.jpg:(128,47); (167,219)
022_0056.jpg:(140,14); (158,163)
198_0076.jpg:(114,50); (163,213)
022_0077.jpg:(161,16); (154,173)
198_0076.jpg:(133,43); (140,218)
003_0052.jpg:
198_0076.jpg:(124,82); (161,214)
101_0077.jpg:(152,46); (154,205)
112_0027.jpg:(148,12); (149,205)
067_0064.jpg:(141,60); (148,180)
112_0027.jpg:(150,9); (151,218)
040_0018.jpg:(31,90); (228,125)
032_0088.jpg:(159,5); (152,200)
052_0086.jpg:
032_0088.jpg:(163,19); (150,142)
067_0061.jpg:(85,49); (226,142)
032_0088.jpg:(164,26); (148,140)
013_0064.jpg:(168,56); (164,144)
032_0088.jpg:(153,14); (154,211)
018_0023.jpg:(188,14); (163,218)
040_0034.jpg:(149,2); (150,228)
101_0056.jpg:(14,180); (298,65)
040_0034.jpg:(152,8); (153,222)
038_0067.jpg:(126,3); (219,221)
046_0023.jpg:(115,6); (227,214)
022_0070.jpg:
046_0023.jpg:(114,4); (239,244)
047_0052.jpg:(10,139); (286,29)
046_0023.jpg:
101_0004.jpg:(70,2); (244,223)
046_0023.jpg:
067_0087.jpg:
046_0023.jpg:(121,4); (223,217)
024_0054.jpg:
046_0023.jpg:(122,1); (228,170)
018_0089.jpg:
032_0061.jpg:(153,1); (149,208)
038_0001.jpg:(145,2); (155,220)
032_0061.jpg:
051_0051.jpg:(43,169); (232,63)
032_0061.jpg:
061_0075.jpg:(158,230); (151,2)
032_0061.jpg:
007_0002.jpg:(166,174); (136,92)
032_0061.jpg:
032_0010.jpg:
032_0061.jpg:(158,22); (151,205)
026_0022.jpg:(152,11); (150,222)
051_0024.jpg:
051_0078.jpg:(9,214); (299,34)
051_0024.jpg:(19,220); (285,13)
047_0017.jpg:
051_0024.jpg:(12,213); (290,10)
022_0052.jpg:(161,20); (157,243)
051_0024.jpg:
056_0037.jpg:(136,6); (139,227)
144_0050.jpg:
022_0046.jpg:(151,1); (152,227)
017_0075.jpg:
026_0086.jpg:
040_0061.jpg:(113,89); (195,107)
061_0066.jpg:(161,109); (267,102)
038_0065.jpg:
032_0061.jpg:(157,5); (154,225)
038_0065.jpg:
061_0032.jpg:(46,222); (261,17)
013_0019.jpg:
061_0003.jpg:
040_0012.jpg:(112,109); (233,186)
038_0046.jpg:
052_0051.jpg:(145,121); (148,184)
054_0076.jpg:
022_0033.jpg:(153,17); (150,203)
007_0046.jpg:
022_0033.jpg:(152,19); (151,202)
032_0013.jpg:
012_0065.jpg:(232,26); (100,193)
101_0069.jpg:
012_0065.jpg:(215,32); (176,109)
046_0030.jpg:
013_0012.jpg:(145,21); (152,221)
040_0090.jpg:(285,130); (285,130)
032_0001.jpg:(155,209); (155,209)
013_0066.jpg:(145,210); (145,210)
032_0001.jpg:(167,199); (167,199)
018_0051.jpg:(150,17); (151,197)
032_0001.jpg:(146,5); (150,209)
052_0079.jpg:(129,5); (169,212)
013_0080.jpg:(149,4); (137,209)
024_0045.jpg:
036_0078.jpg:(152,1); (152,209)
017_0046.jpg:
036_0078.jpg:
101_0065.jpg:(97,5); (200,220)
036_0078.jpg:
017_0070.jpg:(139,5); (156,221)
036_0078.jpg:(150,5); (152,213)
061_0012.jpg:(130,15); (183,224)
036_0078.jpg:(153,10); (151,216)
022_0018.jpg:(155,1); (150,217)
036_0078.jpg:
032_0063.jpg:(156,3); (145,223)
017_0008.jpg:(55,110); (248,112)
007_0061.jpg:(44,71); (194,105)
017_0008.jpg:(153,45); (154,194)
036_0051.jpg:(143,12); (155,164)
036_0074.jpg:(150,14); (166,216)
038_0090.jpg:
112_0027.jpg:(148,8); (148,110)
026_0052.jpg:(148,48); (145,178)
112_0027.jpg:(148,112); (148,8)
067_0025.jpg:
046_0023.jpg:
032_0050.jpg:(149,187); (155,99)
032_0061.jpg:
007_0033.jpg:
032_0072.jpg:(153,28); (150,129)
024_0037.jpg:
032_0072.jpg:
018_0014.jpg:(152,71); (151,97)
032_0072.jpg:
047_0006.jpg:(72,98); (163,22)
062_0029.jpg:(166,12); (157,132)
040_0055.jpg:(159,113); (176,183)
062_0029.jpg:(164,20); (160,213)
056_0039.jpg:(118,60); (240,228)
032_0047.jpg:(153,2); (160,227)
007_0045.jpg:(164,36); (140,217)
213_0082.jpg:(164,11); (156,169)
003_0015.jpg:(140,105); (142,205)
230_0020.jpg:(126,10); (157,213)
054_0011.jpg:(159,45); (147,185)
063_0063.jpg:(288,114); (9,165)
026_0009.jpg:(144,13); (175,212)
063_0063.jpg:(241,125); (29,171)
018_0065.jpg:
063_0063.jpg:(164,1); (170,210)
047_0008.jpg:(129,164); (296,44)
063_0063.jpg:
036_0060.jpg:(118,7); (120,151)
063_0063.jpg:
067_0015.jpg:(120,100); (182,26)
063_0063.jpg:
038_0045.jpg:(190,18); (191,196)
063_0063.jpg:
018_0043.jpg:(143,10); (143,207)
063_0063.jpg:
018_0025.jpg:(155,15); (154,206)
063_0063.jpg:
032_0071.jpg:(189,27); (214,199)
063_0063.jpg:
052_0013.jpg:
063_0063.jpg:(11,173); (263,126)
017_0018.jpg:
063_0063.jpg:(168,7); (164,111)
003_0016.jpg:(132,11); (107,222)
063_0063.jpg:
101_0021.jpg:(134,228); (128,6)
063_0063.jpg:
067_0058.jpg:(149,24); (160,216)
063_0063.jpg:
054_0037.jpg:(150,70); (152,152)
051_0005.jpg:(149,2); (144,230)
054_0038.jpg:(150,16); (154,196)
051_0037.jpg:(149,5); (151,213)
032_0035.jpg:(145,14); (150,166)
022_0016.jpg:(151,8); (150,224)
067_0020.jpg:(148,17); (146,126)
064_0058.jpg:(156,11); (167,144)
013_0057.jpg:(146,12); (144,203)
040_0008.jpg:(18,117); (206,96)
052_0004.jpg:
054_0064.jpg:
067_0057.jpg:
054_0064.jpg:
051_0078.jpg:
054_0064.jpg:(152,90); (155,110)
047_0030.jpg:
054_0064.jpg:(149,2); (152,237)
051_0067.jpg:
054_0064.jpg:(148,5); (149,233)
017_0073.jpg:(147,0); (152,230)
054_0064.jpg:(152,4); (155,247)
038_0062.jpg:
054_0064.jpg:(157,88); (155,212)
038_0062.jpg:
054_0064.jpg:(157,88); (155,212)
038_0063.jpg:(156,117); (195,173)
054_0064.jpg:(154,88); (156,209)
061_0089.jpg:(161,95); (175,181)
054_0064.jpg:(156,88); (157,205)
047_0063.jpg:(280,169); (280,169)
046_0051.jpg:(186,92); (114,152)
012_0088.jpg:
024_0053.jpg:(151,93); (155,173)
018_0050.jpg:
038_0064.jpg:(72,15); (136,151)
047_0036.jpg:(110,194); (132,230)
101_0049.jpg:
040_0022.jpg:(204,128); (11,145)
101_0049.jpg:
012_0077.jpg:
101_0049.jpg:(77,9); (199,186)
007_0019.jpg:(129,4); (128,192)
101_0049.jpg:(80,13); (201,184)
046_0038.jpg:(180,2); (190,171)
032_0029.jpg:(156,15); (147,201)
026_0083.jpg:(134,29); (141,212)
022_0081.jpg:(142,36); (149,175)
047_0060.jpg:
132_0017.jpg:
026_0052.jpg:(151,131); (88,139)
036_0070.jpg:
003_0020.jpg:(158,49); (190,203)
022_0053.jpg:(141,28); (152,223)
017_0061.jpg:(205,30); (179,142)
022_0053.jpg:(143,30); (147,223)
022_0044.jpg:(151,11); (149,223)
022_0053.jpg:(139,1); (149,226)
052_0047.jpg:(142,117); (147,192)
046_0084.jpg:(174,7); (181,182)
026_0075.jpg:(142,33); (157,191)
046_0084.jpg:(159,12); (193,180)
007_0027.jpg:(156,103); (155,144)
046_0084.jpg:(174,11); (189,176)
022_0037.jpg:(162,18); (158,138)
046_0084.jpg:(176,9); (196,173)
024_0062.jpg:(221,142); (13,177)
046_0084.jpg:(173,11); (198,175)
040_0080.jpg:(112,123); (201,88)
046_0084.jpg:(173,7); (202,205)
056_0019.jpg:
051_0062.jpg:(159,19); (162,93)
051_0010.jpg:(163,50); (162,151)
046_0023.jpg:(119,4); (218,176)
032_0085.jpg:(141,17); (140,207)
032_0087.jpg:(130,28); (143,205)
040_0039.jpg:(154,121); (45,184)
085_0022.jpg:(86,56); (92,115)
101_0076.jpg:
024_0053.jpg:(151,88); (154,172)
052_0083.jpg:(133,35); (179,141)
221_0075.jpg:(202,51); (216,130)
061_0060.jpg:(150,18); (153,152)
221_0075.jpg:(202,44); (211,140)
052_0063.jpg:(140,86); (142,161)
026_0059.jpg:(151,29); (156,178)
013_0054.jpg:(157,13); (157,222)
026_0059.jpg:(144,28); (151,224)
024_0029.jpg:(149,85); (149,209)
022_0072.jpg:(135,29); (135,211)
040_0059.jpg:(191,46); (108,192)
052_0043.jpg:(144,93); (145,173)
047_0017.jpg:(206,68); (100,183)
052_0043.jpg:(151,99); (153,170)
051_0048.jpg:(184,213); (156,24)
017_0053.jpg:(148,19); (151,216)
012_0031.jpg:(69,103); (71,138)
017_0053.jpg:(111,28); (228,189)
007_0066.jpg:(142,114); (138,161)
013_0012.jpg:(145,24); (145,215)
017_0079.jpg:(188,107); (140,207)
100_0007.jpg:(53,93); (240,150)
067_0040.jpg:(150,6); (152,208)
110_0025.jpg:(151,33); (145,179)
024_0057.jpg:(153,82); (149,156)
110_0025.jpg:(155,39); (151,176)
056_0037.jpg:(135,8); (141,161)
110_0025.jpg:(150,22); (143,188)
013_0059.jpg:(153,95); (148,221)
110_0025.jpg:(61,108); (239,110)
101_0082.jpg:(149,39); (149,185)
110_0025.jpg:(151,19); (149,206)
018_0032.jpg:(154,23); (153,183)
032_0055.jpg:(113,11); (181,221)
032_0079.jpg:(152,6); (143,147)
038_0065.jpg:(147,9); (161,132)
051_0038.jpg:(121,50); (95,165)
038_0065.jpg:(149,4); (172,226)
040_0011.jpg:(113,153); (217,93)
046_0023.jpg:(120,0); (225,173)
026_0015.jpg:(73,154); (235,81)
012_0045.jpg:(172,58); (132,108)
040_0014.jpg:(121,117); (295,130)
051_0039.jpg:(145,7); (156,222)
067_0037.jpg:(188,21); (185,202)
036_0014.jpg:(149,30); (157,188)
022_0041.jpg:(143,40); (148,225)
136_0010.jpg:(20,12); (256,206)
101_0087.jpg:(78,151); (209,74)
012_0079.jpg:(70,32); (232,159)
046_0030.jpg:(192,27); (129,209)
017_0044.jpg:(136,5); (176,225)
052_0038.jpg:(147,90); (149,168)
017_0044.jpg:(121,7); (179,219)
047_0072.jpg:(52,41); (124,188)
017_0044.jpg:(4,119); (293,100)
003_0036.jpg:(108,10); (197,210)
013_0012.jpg:(150,24); (143,221)
101_0002.jpg:(75,169); (224,22)
054_0030.jpg:(153,176); (161,60)
024_0034.jpg:(200,165); (161,136)
066_0078.jpg:(115,15); (136,220)
046_0027.jpg:(143,211); (145,18)
003_0003.jpg:(66,17); (228,168)
007_0035.jpg:(165,137); (233,189)
036_0070.jpg:(148,8); (151,179)
038_0071.jpg:(170,53); (201,188)
012_0072.jpg:(130,110); (202,33)
017_0001.jpg:(162,5); (142,215)
012_0072.jpg:(129,116); (214,44)
022_0006.jpg:(155,3); (141,223)
101_0090.jpg:(199,11); (120,199)
022_0082.jpg:(136,34); (136,145)
147_0029.jpg:(83,153); (219,47)
022_0037.jpg:(157,17); (151,139)
052_0028.jpg:(159,74); (161,162)
056_0047.jpg:(141,1); (133,181)
174_0067.jpg:(172,16); (164,194)
032_0077.jpg:(153,100); (149,218)
013_0044.jpg:(148,126); (143,223)
036_0073.jpg:(149,2); (153,213)
144_0050.jpg:(180,9); (197,181)
054_0016.jpg:(140,6); (130,148)
144_0050.jpg:(186,7); (146,89)
046_0013.jpg:(180,34); (153,220)
144_0050.jpg:(158,19); (150,87)
051_0041.jpg:(172,15); (77,216)
120_0053.jpg:(63,165); (200,23)
013_0042.jpg:(137,26); (131,216)
051_0007.jpg:(99,55); (275,165)
061_0040.jpg:(167,28); (113,208)
040_0034.jpg:(148,25); (153,213)
012_0007.jpg:(99,99); (127,124)
052_0051.jpg:(144,121); (146,185)
046_0063.jpg:(142,9); (143,217)
101_0008.jpg:(120,12); (150,62)
013_0082.jpg:(158,63); (156,201)
101_0008.jpg:(120,12); (174,192)
054_0004.jpg:(114,53); (176,139)
032_0033.jpg:(254,11); (258,75)
040_0033.jpg:(132,71); (133,185)
066_0078.jpg:(114,12); (134,222)
017_0044.jpg:(140,4); (157,226)
210_0040.jpg:(27,77); (284,70)
022_0024.jpg:(149,19); (154,210)
063_0003.jpg:(14,3); (239,187)
054_0063.jpg:(178,37); (151,116)
177_0071.jpg:(152,77); (157,156)
052_0028.jpg:(158,76); (158,161)
168_0069.jpg:(174,15); (149,148)
012_0018.jpg:(87,14); (190,168)
054_0004.jpg:(124,47); (170,145)
032_0007.jpg:(197,38); (187,179)
052_0052.jpg:(153,53); (162,140)
026_0042.jpg:(132,64); (150,220)
052_0052.jpg:(155,52); (163,151)
018_0008.jpg:(177,51); (182,220)
052_0052.jpg:(155,70); (157,135)
026_0086.jpg:(166,12); (122,221)
051_0007.jpg:(98,50); (281,164)
054_0054.jpg:(151,31); (137,195)
026_0059.jpg:(145,30); (160,219)
022_0011.jpg:(143,10); (151,229)
013_0012.jpg:(144,21); (152,225)
054_0021.jpg:(158,11); (149,220)
101_0090.jpg:(104,234); (212,16)
101_0018.jpg:(155,2); (145,215)
101_0090.jpg:(202,23); (123,220)
056_0011.jpg:(77,8); (127,205)
101_0090.jpg:(201,8); (117,222)
054_0082.jpg:(62,17); (43,173)
101_0090.jpg:(211,8); (127,190)
038_0011.jpg:(108,10); (93,74)
054_0005.jpg:(155,60); (153,197)
036_0040.jpg:(138,7); (145,213)
022_0081.jpg:(150,13); (147,202)
017_0042.jpg:(224,121); (3,133)
022_0081.jpg:(145,8); (146,211)
051_0042.jpg:
022_0081.jpg:(13,203); (285,203)
067_0059.jpg:(131,230); (129,16)
052_0043.jpg:(147,7); (148,213)
036_0082.jpg:(149,8); (148,218)
046_0023.jpg:(127,4); (225,171)
012_0067.jpg:(16,69); (270,127)
032_0085.jpg:(39,41); (136,221)
046_0083.jpg:
032_0085.jpg:(135,8); (141,221)
064_0009.jpg:(154,30); (166,185)
036_0008.jpg:(149,87); (152,204)
253_0033.jpg:(149,28); (146,227)
177_0071.jpg:(151,75); (153,152)
136_0010.jpg:(18,13); (256,209)
012_0072.jpg:(125,115); (209,35)
253_0066.jpg:(150,24); (157,205)
012_0072.jpg:(122,117); (216,37)
047_0024.jpg:(122,98); (270,147)
054_0010.jpg:(145,76); (173,30)
150_0045.jpg:(154,24); (157,130)
052_0057.jpg:(149,111); (142,170)
140_0065.jpg:(152,0); (149,168)
235_0014.jpg:(74,65); (82,88)
081_0068.jpg:(5,212); (287,72)
177_0013.jpg:(145,42); (149,188)
219_0054.jpg:(143,23); (143,225)
132_0087.jpg:(154,27); (156,177)
221_0070.jpg:(126,72); (147,192)
040_0061.jpg:(117,92); (187,110)
051_0070.jpg:(149,8); (143,221)
205_0004.jpg:(201,10); (127,132)
216_0065.jpg:(7,127); (296,111)
052_0009.jpg:(106,84); (158,94)
131_0046.jpg:(11,187); (273,40)
101_0090.jpg:(209,11); (116,197)
131_0016.jpg:(158,5); (158,225)
154_0040.jpg:(214,17); (172,152)
205_0034.jpg:(148,9); (134,115)
040_0083.jpg:(107,87); (226,193)
219_0004.jpg:(151,10); (154,210)
052_0052.jpg:(155,58); (167,136)
205_0006.jpg:(202,33); (180,161)
052_0043.jpg:(146,94); (151,174)
143_0088.jpg:(144,20); (147,201)
230_0028.jpg:(51,23); (259,197)
230_0087.jpg:(38,248); (211,35)
032_0044.jpg:(42,83); (191,86)270
007_0065.jpg:(186,26); (169,211)
018_0085.jpg:(150,6); (151,227)
120_0082.jpg:(190,7); (190,223)
213_0082.jpg:(12,133); (173,143)
197_0043.jpg:(94,3); (89,162)
066_0078.jpg:(112,11); (133,217)
197_0043.jpg:(94,3); (89,162)
066_0078.jpg:(112,11); (133,217)
040_0007.jpg:(74,133); (239,121)
036_0056.jpg:(16,148); (185,151)
100_0049.jpg:(25,138); (239,85)
026_0004.jpg:(157,14); (164,220)
185_0022.jpg:(16,77); (295,130)
013_0044.jpg:(3,147); (105,149)
209_0082.jpg:(291,225); (13,4)
040_0070.jpg:(6,166); (213,218)
179_0019.jpg:(106,126); (255,30)
017_0053.jpg:(145,20); (142,216)
152_0004.jpg:(149,10); (135,196)
017_0053.jpg:(101,26); (230,189)
047_0033.jpg:(73,130); (154,206)
132_0024.jpg:(156,30); (161,179)
195_0074.jpg:(150,49); (184,171)
052_0058.jpg:(144,102); (141,186)
131_0031.jpg:(151,11); (158,224)
100_0062.jpg:(45,127); (243,76)
122_0077.jpg:(86,154); (203,62)
100_0062.jpg:(44,123); (245,77)
140_0031.jpg:(146,25); (150,205)
132_0014.jpg:(123,48); (122,166)
119_0052.jpg:(153,3); (149,228)
225_0079.jpg:(216,11); (185,213)
246_0025.jpg:(115,8); (118,200)
013_0080.jpg:(140,3); (137,198)
122_0060.jpg:(36,163); (257,150)
212_0084.jpg:(172,59); (180,180)
003_0025.jpg:(144,21); (161,203)
223_0072.jpg:(129,9); (141,182)
111_0057.jpg:(104,85); (182,177)
230_0064.jpg:(47,160); (240,50)
157_0038.jpg:(17,109); (272,109)
012_0045.jpg:(131,109); (179,58)
253_0054.jpg:(154,25); (167,205)
179_0040.jpg:(54,62); (194,136)
222_0040.jpg:(155,7); (152,211)
013_0019.jpg:(130,22); (140,225)
243_0003.jpg:(135,56); (134,224)
032_0072.jpg:(152,26); (154,212)
136_0041.jpg:(34,177); (292,26)
032_0072.jpg:(148,26); (155,206)
205_0085.jpg:(170,21); (47,202)
032_0072.jpg:(148,1); (157,205)
205_0085.jpg:(170,21); (47,202)
032_0072.jpg:(148,1); (157,205)
017_0050.jpg:(150,3); (154,226)
143_0005.jpg:(159,6); (144,226)
110_0085.jpg:(162,48); (159,196)
026_0059.jpg:(145,28); (159,220)
054_0063.jpg:(177,37); (126,194)
036_0022.jpg:(161,3); (162,224)
243_0004.jpg:(105,36); (208,178)
003_0013.jpg:(149,10); (150,223)
144_0078.jpg:(145,17); (145,157)
210_0032.jpg:(103,11); (275,223)
140_0060.jpg:(145,3); (145,225)
230_0012.jpg:(61,129); (272,112)
209_0041.jpg:(239,12); (54,227)
221_0003.jpg:(127,58); (150,166)
253_0050.jpg:(144,23); (148,229)
214_0040.jpg:(146,70); (147,211)
253_0050.jpg:(144,23); (148,229)
214_0040.jpg:(146,70); (147,211)
017_0087.jpg:(140,6); (172,227)
152_0052.jpg:(147,39); (152,221)
174_0032.jpg:(133,16); (129,205)
012_0053.jpg:(151,40); (153,165)
112_0012.jpg:(137,13); (162,202)
214_0033.jpg:(145,37); (158,218)
062_0002.jpg:(155,5); (152,151)
214_0033.jpg:(143,39); (158,219)
131_0034.jpg:(84,53); (209,164)
214_0033.jpg:(144,32); (145,217)
080_0041.jpg:(26,110); (210,61)
214_0033.jpg:(142,12); (163,221)
195_0063.jpg:(206,56); (169,217)
203_0081.jpg:(144,17); (148,195)
223_0014.jpg:(136,23); (162,206)
022_0034.jpg:(124,11); (128,221)
046_0088.jpg:(161,31); (144,228)
221_0017.jpg:(158,13); (173,229)
051_0070.jpg:(147,3); (152,228)
047_0025.jpg:(22,179); (207,65)
111_0017.jpg:(60,114); (229,71)
032_0033.jpg:(257,10); (256,74)
202_0017.jpg:(143,177); (229,48)
013_0042.jpg:(137,26); (136,216)
202_0014.jpg:(191,44); (212,188)
013_0042.jpg:(135,27); (136,216)
230_0015.jpg:(241,60); (105,134)
018_0072.jpg:(147,11); (150,223)
018_0051.jpg:(149,49); (150,171)
026_0030.jpg:(137,11); (140,218)
183_0021.jpg:(112,25); (159,182)
040_0088.jpg:(90,130); (247,159)
198_0014.jpg:(160,40); (153,192)
036_0013.jpg:(143,7); (151,196)
100_0046.jpg:(49,86); (247,98)
052_0039.jpg:(158,77); (151,157)
216_0084.jpg:(161,40); (173,225)
230_0083.jpg:(253,191); (39,36)
202_0035.jpg:(147,14); (151,208)
018_0084.jpg:(156,27); (154,204)
038_0014.jpg:(186,0); (183,157)
051_0050.jpg:(117,12); (250,193)
177_0090.jpg:(62,159); (246,75)
232_0048.jpg:(149,41); (149,203)
177_0090.jpg:(62,159); (246,75)
232_0048.jpg:(149,41); (149,203)
240_0075.jpg:(145,70); (139,157)
062_0012.jpg:(150,16); (123,230)
235_0061.jpg:(151,33); (143,197)
047_0026.jpg:(147,6); (148,227)
061_0002.jpg:(39,74); (265,122)
120_0053.jpg:(65,163); (201,23)
253_0079.jpg:(163,28); (154,228)
062_0037.jpg:(172,37); (173,160)
183_0014.jpg:(65,139); (255,161)
061_0089.jpg:(56,13); (188,179)
018_0032.jpg:(153,21); (147,205)
036_0001.jpg:(146,4); (151,230)
230_0047.jpg:(78,73); (223,169)
013_0057.jpg:(145,12); (148,208)
203_0081.jpg:(145,16); (146,197)
012_0019.jpg:(199,143); (118,25)
026_0050.jpg:(149,11); (156,219)
131_0066.jpg:(11,176); (255,18)
081_0008.jpg:(99,28); (98,182)
012_0019.jpg:(117,23); (205,141)
152_0014.jpg:(188,32); (190,227)
119_0010.jpg:(156,25); (155,227)
012_0032.jpg:(66,186); (232,29)
111_0019.jpg:(76,79); (220,152)
220_0005.jpg:
240_0036.jpg:
132_0042.jpg:(156,20); (167,188)
218_0018.jpg:(147,2); (151,231)
225_0031.jpg:(165,6); (165,230)
046_0027.jpg:(149,16); (151,211)
225_0031.jpg:(165,6); (165,230)
046_0027.jpg:(149,16); (151,211)
066_0075.jpg:(154,105); (153,218)
063_0038.jpg:(15,125); (299,124)
210_0056.jpg:(202,13); (147,171)
040_0080.jpg:(107,127); (201,84)
239_0005.jpg:(157,10); (157,222)
018_0077.jpg:(150,5); (152,229)
174_0075.jpg:(220,200); (108,24)
007_0035.jpg:(147,127); (243,189)
243_0069.jpg:(136,29); (78,193)
012_0061.jpg:(228,138); (54,57)
174_0051.jpg:(251,182); (141,26)
012_0061.jpg:(55,64); (226,137)
119_0048.jpg:(149,3); (150,210)
012_0061.jpg:(49,60); (237,144)
119_0010.jpg:(153,16); (152,227)
012_0061.jpg:(50,59); (234,141)
141_0006.jpg:(188,11); (183,131)
213_0058.jpg:(148,39); (151,190)
132_0021.jpg:
063_0072.jpg:
212_0066.jpg:(157,6); (159,223)
063_0072.jpg:(0,118); (300,116)
180_0071.jpg:(13,61); (286,139)
013_0016.jpg:(152,44); (155,212)
235_0074.jpg:(144,30); (155,193)
032_0018.jpg:(148,11); (153,228)
199_0027.jpg:(38,30); (275,188)
032_0018.jpg:(147,7); (153,230)
153_0030.jpg:(145,29); (152,212)
032_0018.jpg:(148,9); (152,228)
219_0016.jpg:(161,18); (151,211)
032_0018.jpg:(151,11); (149,221)
032_0065.jpg:(112,26); (106,188)
032_0018.jpg:(150,9); (155,227)
167_0051.jpg:(141,50); (147,176)
032_0018.jpg:(150,10); (154,224)
013_0078.jpg:(219,59); (219,150)
032_0018.jpg:(152,7); (151,221)
054_0063.jpg:(176,38); (127,194)
032_0018.jpg:(155,7); (151,228)
022_0042.jpg:(139,17); (145,219)
032_0018.jpg:(152,7); (152,222)
183_0032.jpg:(132,32); (161,203)
131_0003.jpg:(153,14); (154,218)
226_0041.jpg:(76,106); (75,204)
036_0010.jpg:(141,5); (140,189)
230_0046.jpg:(242,175); (67,54)
026_0030.jpg:(136,7); (142,223)
209_0031.jpg:(12,142); (298,110)
040_0032.jpg:(153,49); (154,191)
147_0057.jpg:(161,61); (168,170)
218_0033.jpg:(275,17); (4,224)
147_0057.jpg:(161,61); (168,170)
218_0033.jpg:(275,17); (4,224)
100_0018.jpg:(30,93); (278,102)
040_0008.jpg:(14,120); (204,98)
254_0012.jpg:(178,48); (140,126)
235_0033.jpg:(221,14); (63,223)
254_0012.jpg:(178,48); (140,126)
235_0033.jpg:(221,14); (63,223)
210_0087.jpg:(23,79); (282,160)
051_0005.jpg:(147,1); (146,228)
210_0087.jpg:(23,79); (282,160)
051_0005.jpg:(147,1); (146,228)
246_0031.jpg:(147,21); (145,209)
225_0056.jpg:(137,31); (139,192)
143_0029.jpg:(55,22); (53,232)
153_0065.jpg:(79,43); (214,186)
209_0051.jpg:(201,8); (67,229)
240_0024.jpg:(147,16); (150,193)
202_0085.jpg:(157,68); (298,180)
018_0022.jpg:(110,16); (71,228)
223_0044.jpg:(69,48); (251,196)
235_0043.jpg:(153,8); (110,149)
157_0009.jpg:(139,57); (97,143)
036_0075.jpg:(150,3); (149,217)
157_0009.jpg:(139,57); (97,143)
036_0075.jpg:(150,3); (149,217)
253_0022.jpg:(150,23); (152,228)
240_0006.jpg:(23,139); (282,134)
195_0065.jpg:(224,11); (223,166)
018_0084.jpg:(153,25); (153,204)
195_0065.jpg:(224,11); (223,166)
018_0084.jpg:(153,25); (153,204)
195_0065.jpg:(224,11); (223,166)
018_0084.jpg:(153,25); (153,204)
080_0010.jpg:(118,81); (156,180)
136_0082.jpg:(149,12); (144,223)
167_0076.jpg:(159,34); (154,161)
210_0036.jpg:(207,18); (111,219)
221_0015.jpg:(163,62); (190,137)
046_0075.jpg:(145,8); (141,221)
136_0038.jpg:(136,9); (164,227)
222_0014.jpg:(96,11); (92,211)
198_0038.jpg:(147,59); (151,108)
026_0007.jpg:(168,5); (165,153)
220_0084.jpg:(160,4); (173,218)
018_0085.jpg:(150,2); (151,229)
254_0009.jpg:(120,52); (131,151)
046_0027.jpg:(151,17); (151,211)
182_0027.jpg:(58,21); (135,146)
018_0064.jpg:(63,11); (68,217)
061_0008.jpg:(20,112); (263,91)
132_0014.jpg:(125,56); (123,169)
136_0043.jpg:(36,56); (260,138)
040_0032.jpg:(159,48); (161,191)
026_0011.jpg:(134,10); (132,228)
067_0081.jpg:(54,51); (268,65)
210_0041.jpg:(153,19); (159,178)
067_0081.jpg:(54,48); (271,63)
198_0068.jpg:(50,69); (204,135)
067_0081.jpg:(161,21); (158,89)
232_0044.jpg:(157,23); (160,211)
067_0081.jpg:(74,169); (282,145)
061_0011.jpg:(18,156); (263,63)
067_0081.jpg:(30,101); (69,138)
199_0035.jpg:(255,14); (112,221)
067_0081.jpg:(70,174); (285,147)
013_0084.jpg:(147,14); (149,224)
067_0081.jpg:(52,51); (269,61)
054_0063.jpg:(176,40); (124,189)
067_0081.jpg:(75,172); (286,142)
054_0056.jpg:(150,31); (148,186)
067_0081.jpg:(163,23); (156,91)
197_0090.jpg:(169,16); (160,196)
067_0081.jpg:(30,102); (68,140)
140_0049.jpg:(126,3); (137,207)
067_0081.jpg:(161,19); (158,88)
177_0031.jpg:(158,104); (137,153)
067_0081.jpg:(161,23); (158,89)
165_0071.jpg:(129,54); (96,172)
180_0017.jpg:(88,63); (126,223)
240_0071.jpg:(135,10); (136,218)
256_0063.jpg:(41,98); (172,99)
046_0086.jpg:(166,6); (166,225)
032_0051.jpg:(97,11); (93,80)
177_0024.jpg:(153,71); (160,185)
032_0051.jpg:(33,90); (34,153)
012_0047.jpg:(215,41); (158,92)
032_0051.jpg:(266,6); (264,70)
131_0009.jpg:(47,219); (233,23)
032_0051.jpg:(166,113); (168,190)
157_0017.jpg:(17,62); (190,64)
032_0051.jpg:(251,106); (250,175)
063_0083.jpg:(266,103); (33,147)
218_0009.jpg:(139,86); (148,217)
147_0036.jpg:(98,76); (228,145)
066_0042.jpg:(150,23); (151,190)
232_0046.jpg:(149,226); (146,2)
209_0009.jpg:(97,33); (122,249)
144_0090.jpg:(118,67); (159,53)
240_0068.jpg:(114,14); (117,248)
243_0088.jpg:(118,218); (138,4)
240_0068.jpg:(13,120); (299,119)
167_0017.jpg:(150,1); (151,227)
235_0058.jpg:(138,41); (157,198)
036_0068.jpg:(152,3); (146,225)
177_0022.jpg:(72,98); (245,136)
026_0054.jpg:
177_0022.jpg:(138,54); (97,235)
110_0084.jpg:(145,17); (150,223)
177_0022.jpg:(51,97); (227,136)
235_0059.jpg:(156,0); (132,231)
177_0022.jpg:(174,93); (151,141)
064_0036.jpg:(161,66); (193,197)
154_0070.jpg:(2,129); (216,126)
225_0052.jpg:(164,6); (194,183)
051_0077.jpg:(110,26); (211,176)
253_0066.jpg:(153,23); (156,231)
197_0059.jpg:(34,63); (274,213)
218_0024.jpg:(9,80); (297,80)
236_0046.jpg:(140,4); (151,200)
081_0044.jpg:(89,85); (89,147)
236_0046.jpg:(2,161); (196,160)
157_0089.jpg:(105,170); (239,59)
236_0046.jpg:(13,157); (198,159)
235_0010.jpg:(129,4); (153,145)
013_0080.jpg:(163,32); (158,229)
235_0010.jpg:(129,4); (153,145)
013_0080.jpg:(163,32); (158,229)
140_0001.jpg:(148,13); (139,226)
230_0028.jpg:(53,25); (259,197)
180_0038.jpg:(289,202); (4,29)
132_0065.jpg:(10,125); (199,122)
223_0071.jpg:(150,1); (158,229)
132_0065.jpg:(120,40); (117,178)
225_0008.jpg:(151,211); (165,29)
100_0007.jpg:(50,95); (256,138)
067_0004.jpg:(97,63); (97,15)
197_0017.jpg:(83,8); (110,247)
150_0078.jpg:(223,84); (170,114)
197_0017.jpg:(82,12); (110,246)
246_0004.jpg:(68,68); (204,91)
197_0017.jpg:(27,105); (296,85)
205_0035.jpg:(142,38); (132,221)
051_0050.jpg:(107,16); (174,73)
143_0072.jpg:(250,24); (260,199)
051_0050.jpg:(153,12); (159,151)
003_0083.jpg:(109,218); (120,18)
051_0050.jpg:(50,127); (221,139)
054_0045.jpg:(162,38); (164,197)
026_0007.jpg:(4,126); (150,127)
054_0045.jpg:(162,38); (164,197)
026_0007.jpg:(4,126); (150,127)
219_0014.jpg:(137,219); (151,17)
022_0069.jpg:(22,143); (180,157)
168_0031.jpg:(126,51); (120,121)
221_0003.jpg:(138,69); (154,170)
013_0031.jpg:(142,32); (141,220)
007_0035.jpg:(159,131); (243,177)
157_0064.jpg:(265,161); (42,84)
007_0035.jpg:(58,49); (141,99)
203_0056.jpg:(151,5); (98,224)
062_0046.jpg:(72,126); (225,138)
022_0087.jpg:(144,8); (148,225)
199_0033.jpg:(156,10); (145,224)
232_0042.jpg:(163,2); (158,229)
154_0070.jpg:(18,126); (222,135)
054_0085.jpg:(187,86); (99,122)
101_0090.jpg:(195,7); (122,201)
183_0043.jpg:
219_0016.jpg:
131_0037.jpg:(19,204); (223,24)
219_0016.jpg:(22,149); (211,160)
024_0033.jpg:(120,87); (187,111)
026_0084.jpg:(159,22); (165,182)
202_0053.jpg:(150,56); (207,202)
026_0084.jpg:(21,138); (187,145)
231_0008.jpg:(152,227); (145,2)
177_0022.jpg:(172,98); (153,143)
153_0023.jpg:(207,176); (76,54)
032_0088.jpg:(24,142); (202,145)
122_0010.jpg:(284,203); (7,15)
052_0046.jpg:(143,74); (142,135)
122_0010.jpg:(284,203); (7,15)
052_0046.jpg:(143,74); (142,135)
136_0022.jpg:(282,119); (52,117)
157_0044.jpg:(220,29); (109,174)
056_0027.jpg:(138,206); (131,1)
177_0001.jpg:(46,110); (173,161)
210_0052.jpg:(167,161); (55,75)
177_0001.jpg:(188,44); (134,176)
246_0072.jpg:(161,11); (154,225)
177_0001.jpg:(156,57); (113,190)
007_0061.jpg:(132,162); (133,26)
177_0001.jpg:(159,59); (111,188)
081_0045.jpg:(109,68); (105,160)
177_0001.jpg:(185,41); (136,178)
047_0054.jpg:(254,206); (106,59)
177_0001.jpg:(40,108); (173,165)
066_0052.jpg:(148,28); (151,213)
018_0084.jpg:(150,30); (146,210)
216_0043.jpg:(153,8); (150,223)
022_0009.jpg:(157,6); (157,219)
119_0055.jpg:(147,3); (146,148)
003_0041.jpg:(166,39); (186,185)
134_0024.jpg:(134,227); (145,45)
230_0012.jpg:(118,26); (122,246)
100_0023.jpg:(134,85); (154,163)
240_0060.jpg:(30,120); (297,122)
147_0055.jpg:(98,172); (240,28)
214_0054.jpg:(123,33); (123,201)
147_0055.jpg:(98,172); (240,28)
214_0054.jpg:(123,33); (123,201)
157_0038.jpg:(276,115); (53,117)
110_0006.jpg:(2,157); (228,125)
212_0070.jpg:(138,11); (144,222)
236_0046.jpg:(158,33); (157,227)
051_0036.jpg:(154,16); (148,214)
236_0046.jpg:(38,148); (223,143)
213_0057.jpg:(141,160); (140,8)
236_0046.jpg:(141,5); (145,193)
239_0076.jpg:(149,3); (150,221)
236_0046.jpg:(37,143); (228,142)
226_0011.jpg:(109,201); (123,109)
236_0046.jpg:(155,35); (158,229)
240_0049.jpg:(1,121); (297,122)
236_0046.jpg:(155,39); (160,228)
017_0001.jpg:(162,5); (153,228)
236_0046.jpg:(143,4); (150,200)
205_0074.jpg:(170,50); (174,223)
236_0046.jpg:(158,34); (154,226)
197_0022.jpg:(109,152); (131,96)
236_0046.jpg:(155,39); (157,231)
052_0065.jpg:(148,187); (156,97)
179_0066.jpg:(109,154); (227,65)
132_0061.jpg:(140,57); (140,191)
131_0033.jpg:(16,142); (209,148)
197_0039.jpg:(167,195); (151,2)
210_0061.jpg:(12,14); (182,249)
180_0012.jpg:(296,14); (52,164)
198_0056.jpg:(142,55); (143,134)
022_0021.jpg:(155,0); (146,232)
198_0056.jpg:(159,103); (160,178)
063_0072.jpg:(12,118); (292,116)
198_0056.jpg:(163,102); (160,175)
240_0044.jpg:(290,113); (12,114)
198_0056.jpg:(145,57); (138,134)
239_0016.jpg:(158,220); (154,3)
198_0056.jpg:(99,139); (179,143)
157_0038.jpg:(145,179); (137,51)
198_0056.jpg:(143,54); (143,132)
066_0031.jpg:(158,11); (161,233)
198_0056.jpg:(143,56); (139,134)
119_0065.jpg:(148,76); (152,220)
198_0056.jpg:(96,140); (183,147)
026_0006.jpg:(185,157); (101,42)
198_0056.jpg:(51,159); (134,165)
144_0077.jpg:(210,25); (211,143)
198_0056.jpg:(51,154); (138,165)
230_0009.jpg:(151,17); (166,224)
198_0056.jpg:(94,136); (178,144)
080_0078.jpg:(147,172); (166,79)
198_0056.jpg:(54,155); (134,160)
182_0031.jpg:(133,132); (50,12)
198_0056.jpg:(163,102); (157,177)
066_0034.jpg:(153,15); (152,222)
198_0056.jpg:(100,142); (179,147)
223_0055.jpg:(193,217); (153,8)
198_0056.jpg:(144,58); (141,138)
080_0054.jpg:(114,212); (157,27)
198_0056.jpg:(94,144); (177,147)
220_0040.jpg:(199,89); (207,169)
013_0082.jpg:(160,60); (165,180)
152_0080.jpg:(158,206); (161,39)
013_0082.jpg:(59,140); (182,150)
202_0023.jpg:(123,125); (229,109)
013_0082.jpg:(52,139); (178,143)
046_0032.jpg:(202,168); (211,10)
013_0082.jpg:(57,138); (181,146)
240_0003.jpg:(100,47); (121,162)
013_0082.jpg:(57,126); (183,139)
051_0077.jpg:(108,24); (220,178)
013_0082.jpg:(41,163); (176,157)
231_0015.jpg:(151,124); (153,6)
047_0042.jpg:(175,61); (81,190)
246_0028.jpg:(201,195); (202,106)
111_0019.jpg:(77,80); (221,150)
158_0009.jpg:(145,228); (156,3)
080_0033.jpg:(6,172); (279,146)
253_0068.jpg:(154,14); (151,224)
038_0034.jpg:(99,123); (96,170)
131_0046.jpg:(274,40); (52,155)
038_0034.jpg:(59,93); (114,100)
036_0078.jpg:(150,189); (149,33)
038_0034.jpg:(97,122); (94,168)
205_0032.jpg:(165,10); (172,233)
038_0034.jpg:(119,202); (178,203)
226_0055.jpg:(138,7); (143,225)
038_0034.jpg:(59,88); (110,96)
177_0070.jpg:(146,147); (142,71)
038_0034.jpg:(205,63); (206,104)
119_0072.jpg:(105,121); (116,5)
038_0034.jpg:(98,125); (96,173)
112_0050.jpg:(144,116); (148,1)
018_0010.jpg:(4,67); (223,63)
